81 258 258
0 0 4 1 b
0 1 7 1 b
0 2 27 1 a
0 3 0 11 a
0 4 2 13 a
0 5 0 221 a
1 0 28 1 a
1 1 1 11 a
1 2 2 13 a
2 0 29 1 a
2 1 2 11 a
2 2 0 13 a
3 0 30 1 a
3 1 3 11 a
3 2 5 13 a
3 3 3 221 a
4 0 31 1 a
4 1 4 11 a
4 2 5 13 a
5 0 32 1 a
5 1 5 11 a
5 2 3 13 a
6 0 1 1 b
6 1 33 1 a
6 2 6 11 a
6 3 8 13 a
6 4 6 221 a
7 0 34 1 a
7 1 7 11 a
7 2 8 13 a
8 0 35 1 a
8 1 8 11 a
8 2 6 13 a
9 0 13 1 b
9 1 16 1 b
9 2 36 1 a
9 3 9 11 a
9 4 20 1 a
9 5 2 1 a
9 6 18 17 a
9 7 0 17 a
10 0 37 1 a
10 1 10 11 a
10 2 20 1 a
10 3 2 1 a
11 0 38 1 a
11 1 11 11 a
11 2 18 1 a
11 3 0 1 a
12 0 39 1 a
12 1 12 11 a
12 2 23 1 a
12 3 5 1 a
12 4 21 17 a
12 5 3 17 a
13 0 40 1 a
13 1 13 11 a
13 2 23 1 a
13 3 5 1 a
14 0 41 1 a
14 1 14 11 a
14 2 21 1 a
14 3 3 1 a
15 0 10 1 b
15 1 42 1 a
15 2 15 11 a
15 3 26 1 a
15 4 8 1 a
15 5 24 17 a
15 6 6 17 a
16 0 43 1 a
16 1 16 11 a
16 2 26 1 a
16 3 8 1 a
17 0 44 1 a
17 1 17 11 a
17 2 24 1 a
17 3 6 1 a
18 0 0 1 b
18 1 22 1 b
18 2 25 1 b
18 3 45 1 a
18 4 18 11 a
19 0 1 1 b
19 1 46 1 a
19 2 19 11 a
20 0 2 1 b
20 1 47 1 a
20 2 20 11 a
21 0 3 1 b
21 1 48 1 a
21 2 21 11 a
22 0 4 1 b
22 1 49 1 a
22 2 22 11 a
23 0 5 1 b
23 1 50 1 a
23 2 23 11 a
24 0 6 1 b
24 1 19 1 b
24 2 51 1 a
24 3 24 11 a
25 0 7 1 b
25 1 52 1 a
25 2 25 11 a
26 0 8 1 b
26 1 53 1 a
26 2 26 11 a
27 0 54 1 b
27 1 31 1 b
27 2 34 1 b
27 3 29 13 a
27 4 27 221 a
28 0 55 1 b
28 1 29 13 a
29 0 56 1 b
29 1 27 13 a
30 0 57 1 b
30 1 32 13 a
30 2 30 221 a
31 0 58 1 b
31 1 32 13 a
32 0 59 1 b
32 1 30 13 a
33 0 60 1 b
33 1 28 1 b
33 2 35 13 a
33 3 33 221 a
34 0 61 1 b
34 1 35 13 a
35 0 62 1 b
35 1 33 13 a
36 0 63 1 b
36 1 40 1 b
36 2 43 1 b
36 3 47 1 a
36 4 29 1 a
36 5 45 17 a
36 6 27 17 a
37 0 64 1 b
37 1 47 1 a
37 2 29 1 a
38 0 65 1 b
38 1 45 1 a
38 2 27 1 a
39 0 66 1 b
39 1 50 1 a
39 2 32 1 a
39 3 48 17 a
39 4 30 17 a
40 0 67 1 b
40 1 50 1 a
40 2 32 1 a
41 0 68 1 b
41 1 48 1 a
41 2 30 1 a
42 0 69 1 b
42 1 37 1 b
42 2 53 1 a
42 3 35 1 a
42 4 51 17 a
42 5 33 17 a
43 0 70 1 b
43 1 53 1 a
43 2 35 1 a
44 0 71 1 b
44 1 51 1 a
44 2 33 1 a
45 0 72 1 b
45 1 27 1 b
45 2 49 1 b
45 3 52 1 b
46 0 73 1 b
46 1 28 1 b
47 0 74 1 b
47 1 29 1 b
48 0 75 1 b
48 1 30 1 b
49 0 76 1 b
49 1 31 1 b
50 0 77 1 b
50 1 32 1 b
51 0 78 1 b
51 1 33 1 b
51 2 46 1 b
52 0 79 1 b
52 1 34 1 b
53 0 80 1 b
53 1 35 1 b
54 0 9 1 c
54 1 58 1 b
54 2 61 1 b
54 3 56 13 a
54 4 54 221 a
55 0 10 1 c
55 1 56 13 a
56 0 11 1 c
56 1 54 13 a
57 0 12 1 c
57 1 59 13 a
57 2 57 221 a
58 0 13 1 c
58 1 6 1 c
58 2 0 1 c
58 3 59 13 a
59 0 14 1 c
59 1 57 13 a
60 0 15 1 c
60 1 55 1 b
60 2 62 13 a
60 3 60 221 a
61 0 16 1 c
61 1 62 13 a
62 0 17 1 c
62 1 60 13 a
63 0 67 1 b
63 1 70 1 b
63 2 74 1 a
63 3 56 1 a
63 4 72 17 a
63 5 54 17 a
64 0 74 1 a
64 1 56 1 a
65 0 72 1 a
65 1 54 1 a
66 0 77 1 a
66 1 59 1 a
66 2 75 17 a
66 3 57 17 a
67 0 15 1 c
67 1 9 1 c
67 2 77 1 a
67 3 59 1 a
68 0 75 1 a
68 1 57 1 a
69 0 64 1 b
69 1 80 1 a
69 2 62 1 a
69 3 78 17 a
69 4 60 17 a
70 0 80 1 a
70 1 62 1 a
71 0 78 1 a
71 1 60 1 a
72 0 54 1 b
72 1 76 1 b
72 2 79 1 b
73 0 55 1 b
74 0 56 1 b
75 0 57 1 b
76 0 24 1 c
76 1 18 1 c
76 2 58 1 b
77 0 59 1 b
78 0 60 1 b
78 1 73 1 b
79 0 61 1 b
80 0 62 1 b
