48 92 92
0 0 12 1 c
0 1 26 1 a
1 0 13 1 c
1 1 13 1 c
1 2 27 1 a
1 3 24 1 a
2 0 28 1 a
3 0 15 1 c
3 1 29 1 a
3 2 26 1 a
4 0 1 1 b
5 0 17 1 c
5 1 28 1 a
6 0 18 1 c
6 1 32 1 a
7 0 19 1 c
7 1 19 1 c
7 2 33 1 a
7 3 30 1 a
8 0 34 1 a
9 0 21 1 c
9 1 35 1 a
9 2 32 1 a
10 0 7 1 b
11 0 23 1 c
11 1 34 1 a
12 0 30 1 a
12 1 38 1 a
13 0 31 1 a
13 1 39 1 a
13 2 36 1 a
14 0 32 1 a
14 1 40 1 a
15 0 33 1 a
15 1 41 1 a
15 2 38 1 a
16 0 13 1 b
16 1 34 1 a
17 0 35 1 a
17 1 40 1 a
18 0 24 1 a
18 1 44 1 a
19 0 25 1 a
19 1 45 1 a
19 2 42 1 a
20 0 26 1 a
20 1 46 1 a
21 0 27 1 a
21 1 47 1 a
21 2 44 1 a
22 0 19 1 b
22 1 28 1 a
23 0 29 1 a
23 1 46 1 a
24 0 36 1 c
24 1 0 1 b
25 0 37 1 c
25 1 37 1 c
25 2 1 1 b
26 0 2 1 b
27 0 39 1 c
27 1 3 1 b
28 0 4 1 b
28 1 25 1 b
29 0 41 1 c
29 1 5 1 b
30 0 42 1 c
30 1 6 1 b
31 0 43 1 c
31 1 43 1 c
31 2 7 1 b
32 0 8 1 b
33 0 45 1 c
33 1 9 1 b
34 0 10 1 b
34 1 31 1 b
35 0 47 1 c
35 1 11 1 b
36 0 12 1 b
37 0 13 1 b
38 0 14 1 b
39 0 15 1 b
40 0 16 1 b
40 1 37 1 b
41 0 17 1 b
42 0 18 1 b
43 0 19 1 b
44 0 20 1 b
45 0 21 1 b
46 0 22 1 b
46 1 43 1 b
47 0 23 1 b
