0 [label="0\n(1,1,1,1,1)"];
1 [label="1\n(1,1,1,1,2)"];
2 [label="2\n(1,1,1,2,1)"];
3 [label="3\n(1,1,1,2,2)"];
4 [label="4\n(1,1,1,3,1)"];
5 [label="5\n(1,1,1,3,2)"];
6 [label="6\n(1,1,2,1,1)"];
7 [label="7\n(1,1,2,1,2)"];
8 [label="8\n(1,1,2,2,1)"];
9 [label="9\n(1,1,2,2,2)"];
10 [label="10\n(1,1,2,3,1)"];
11 [label="11\n(1,1,2,3,2)"];
12 [label="12\n(1,2,1,1,1)"];
13 [label="13\n(1,2,1,1,2)"];
14 [label="14\n(1,2,1,2,1)"];
15 [label="15\n(1,2,1,2,2)"];
16 [label="16\n(1,2,1,3,1)"];
17 [label="17\n(1,2,1,3,2)"];
18 [label="18\n(1,2,2,1,1)"];
19 [label="19\n(1,2,2,1,2)"];
20 [label="20\n(1,2,2,2,1)"];
21 [label="21\n(1,2,2,2,2)"];
22 [label="22\n(1,2,2,3,1)"];
23 [label="23\n(1,2,2,3,2)"];
24 [label="24\n(2,1,1,1,1)"];
25 [label="25\n(2,1,1,1,2)"];
26 [label="26\n(2,1,1,2,1)"];
27 [label="27\n(2,1,1,2,2)"];
28 [label="28\n(2,1,1,3,1)"];
29 [label="29\n(2,1,1,3,2)"];
30 [label="30\n(2,1,2,1,1)"];
31 [label="31\n(2,1,2,1,2)"];
32 [label="32\n(2,1,2,2,1)"];
33 [label="33\n(2,1,2,2,2)"];
34 [label="34\n(2,1,2,3,1)"];
35 [label="35\n(2,1,2,3,2)"];
36 [label="36\n(2,2,1,1,1)"];
37 [label="37\n(2,2,1,1,2)"];
38 [label="38\n(2,2,1,2,1)"];
39 [label="39\n(2,2,1,2,2)"];
40 [label="40\n(2,2,1,3,1)"];
41 [label="41\n(2,2,1,3,2)"];
42 [label="42\n(2,2,2,1,1)"];
43 [label="43\n(2,2,2,1,2)"];
44 [label="44\n(2,2,2,2,1)"];
45 [label="45\n(2,2,2,2,2)"];
46 [label="46\n(2,2,2,3,1)"];
47 [label="47\n(2,2,2,3,2)"];
}
